1 10
100 200
201 210
900 1000
321805 435873
350223 443989
307270 406854
174180 75727
333661 414997
92865 225458
123481 342452
49846 336306
244843 113871
492840 455248
275017 473
195252 358624
16199 23424
234158 253104
288437 181281
269799 466657
264584 254206
11625 26475
125247 326690
104166 151163
251573 205958
54675 349889
363424 273851
440077 63267
175198 113250
50505 379497
399721 346065
353625 481890
170583 7483
4278 287425
385535 148102
270668 497037
375360 184019
388536 146288
266235 155820
485541 196685
383284 356196
80678 336932
241909 438223
156951 313418
59408 463497
137814 449167
199030 350864
305658 92255
385066 280289
350191 414446
7354 213222
80732 484793
261755 260192
328131 276333
442484 172116
272439 39458
318248 278622
127587 369105
433117 23642
145665 79957
188250 411126
325701 284076
217095 42285
2088 412042
266057 313073
201345 120170
300857 210421
138863 286257
462564 84073
105733 369259
157745 398763
213443 494322
130220 280243
366242 14986
152171 14272
399278 291162
364075 133781
222246 284684
303187 20234
355763 355220
221622 129408
484182 233721
489767 372853
375921 440649
110742 263821
267599 461019
492793 22565
351989 201411
466124 206482
22588 295220
260451 292028
39961 357039
374638 287555
129059 208186
156954 320006
405032 60581
495021 129205
382368 400214
234912 126612
285738 142759
137273 411525
484666 464632
129371 30385
30759 230506
337748 413928
356129 267677
11738 397138
67455 153806
470853 263108
410884 343016
112125 459891
365409 377005
254769 21643
200835 140875
424663 242435
312349 395213
76010 470263
388065 39200
459904 407304
126251 494892
213817 327351
499482 475855
166943 24299
366939 242682
484799 403506
234913 479408
174324 145300
353853 299446
272505 357677
253209 16788
244143 137764
478242 224526
112399 67739
252769 462328
316185 234451
239334 450695
383938 170729
271838 316009
438257 366561
453506 188033
168949 476483
482554 460296
134152 63825
251491 382631
168394 423677
32800 209448
226477 478058
38765 409165
492561 119964
491453 332766
225681 487165
60064 51763
79569 449099
189873 437313
13223 482514
30307 254834
341867 28129
315632 160341
467794 304841
19713 396512
470593 413483
395056 379143
50732 8556
446355 317841
367080 433994
313268 102247
114160 244256
258025 252799
163540 89806
465064 131225
246060 181211
483645 281043
324153 55698
494078 26601
304638 308642
210713 148857
189232 12646
206756 258359
369391 124734
369592 417166
